gamma
   21.0781   14.4022
   14.4022   25.2023
Overlap
   1.0000   0.4535  -0.3516        0        0
   0.4535   1.0000        0        0        0
  -0.3516        0   1.0000        0        0
        0        0        0   1.0000        0
        0        0        0        0   1.0000
 p =  4 q =  3
H_core
  -1.1853e+02  -1.0883e+01   8.4379e+00            0            0
  -1.0883e+01  -2.1049e+02            0            0            0
   8.4379e+00            0  -1.8930e+02            0            0
            0            0            0  -1.8930e+02            0
            0            0            0            0  -1.8930e+02
Iteration: 0
Fa
  -1.1853e+02  -1.0883e+01   8.4379e+00            0            0
  -1.0883e+01  -2.1049e+02            0            0            0
   8.4379e+00            0  -1.8930e+02            0            0
            0            0            0  -1.8930e+02            0
            0            0            0            0  -1.8930e+02
Fb
  -1.1853e+02  -1.0883e+01   8.4379e+00            0            0
  -1.0883e+01  -2.1049e+02            0            0            0
   8.4379e+00            0  -1.8930e+02            0            0
            0            0            0  -1.8930e+02            0
            0            0            0            0  -1.8930e+02
after solving eigen equation: 0
Ca
   0.1198  -0.1080        0        0   0.9869
   0.9918   0.0580        0        0  -0.1140
  -0.0449   0.9925        0        0   0.1141
        0        0   1.0000        0        0
        0        0        0   1.0000        0
Cb
   0.1198  -0.1080        0        0   0.9869
   0.9918   0.0580        0        0  -0.1140
  -0.0449   0.9925        0        0   0.1141
        0        0   1.0000        0        0
        0        0        0   1.0000        0
 p =  4 q =  3
Pa_new
   0.0260   0.1125  -0.1126        0        0
   0.1125   0.9870   0.0130        0        0
  -0.1126   0.0130   0.9870        0        0
        0        0        0   1.0000        0
        0        0        0        0   1.0000
Pb_new
   0.0260   0.1125  -0.1126        0        0
   0.1125   0.9870   0.0130        0        0
  -0.1126   0.0130   0.9870        0        0
        0        0        0   1.0000        0
        0        0        0        0        0
P_t
   0.0520
   6.9480
Ga
   1.0061e+02  -1.6208e+00   1.6214e+00            0            0
  -1.6208e+00   1.5098e+02  -3.2783e-01            0            0
   1.6214e+00  -3.2783e-01   1.5098e+02            0            0
            0            0            0   1.5065e+02            0
            0            0            0            0   1.5065e+02
Gb
   1.0061e+02  -1.6208e+00   1.6214e+00            0            0
  -1.6208e+00   1.5098e+02  -3.2783e-01            0            0
   1.6214e+00  -3.2783e-01   1.5098e+02            0            0
            0            0            0   1.5065e+02            0
            0            0            0            0   1.7585e+02
Iteration: 1
Fa
  -17.9161  -12.5038   10.0593         0         0
  -12.5038  -59.5096   -0.3278         0         0
   10.0593   -0.3278  -38.3173         0         0
         0         0         0  -38.6453         0
         0         0         0         0  -38.6453
Fb
  -17.9161  -12.5038   10.0593         0         0
  -12.5038  -59.5096   -0.3278         0         0
   10.0593   -0.3278  -38.3173         0         0
         0         0         0  -38.6453         0
         0         0         0         0  -13.4430
after solving eigen equation: 1
Ca
   0.2858  -0.2973        0        0   0.9110
   0.9528   0.1902        0        0  -0.2368
  -0.1029   0.9357        0        0   0.3376
        0        0   1.0000        0        0
        0        0        0   1.0000        0
Cb
   0.2858  -0.2973        0        0   0.9110
   0.9528   0.1902        0        0  -0.2368
  -0.1029   0.9357        0        0   0.3376
        0        0   1.0000        0        0
        0        0        0   1.0000        0
 p =  4 q =  3
Pa_new
   0.1700   0.2157  -0.3075        0        0
   0.2157   0.9439   0.0799        0        0
  -0.3075   0.0799   0.8861        0        0
        0        0        0   1.0000        0
        0        0        0        0   1.0000
Pb_new
   0.1700   0.2157  -0.3075        0        0
   0.2157   0.9439   0.0799        0        0
  -0.3075   0.0799   0.8861        0        0
        0        0        0   1.0000        0
        0        0        0        0        0
P_t
   0.3401
   6.6599
Ga
   9.9501e+01  -3.1071e+00   4.4291e+00            0            0
  -3.1071e+00   1.4895e+02  -2.0146e+00            0            0
   4.4291e+00  -2.0146e+00   1.5041e+02            0            0
            0            0            0   1.4754e+02            0
            0            0            0            0   1.4754e+02
Gb
   9.9501e+01  -3.1071e+00   4.4291e+00            0            0
  -3.1071e+00   1.4895e+02  -2.0146e+00            0            0
   4.4291e+00  -2.0146e+00   1.5041e+02            0            0
            0            0            0   1.4754e+02            0
            0            0            0            0   1.7274e+02
Iteration: 2
Fa
  -19.0287  -13.9901   12.8669         0         0
  -13.9901  -61.5346   -2.0146         0         0
   12.8669   -2.0146  -38.8842         0         0
         0         0         0  -41.7559         0
         0         0         0         0  -41.7559
Fb
  -19.0287  -13.9901   12.8669         0         0
  -13.9901  -61.5346   -2.0146         0         0
   12.8669   -2.0146  -38.8842         0         0
         0         0         0  -41.7559         0
         0         0         0         0  -16.5536
after solving eigen equation: 2
Ca
  -0.3041  -0.3607        0        0  -0.8817
  -0.9497   0.1868        0        0   0.2511
   0.0741   0.9138        0        0  -0.3994
        0        0   1.0000        0        0
        0        0        0   1.0000        0
Cb
  -0.3041  -0.3607        0        0  -0.8817
  -0.9497   0.1868        0        0   0.2511
   0.0741   0.9138        0        0  -0.3994
        0        0   1.0000        0        0
        0        0        0   1.0000        0
 p =  4 q =  3
Pa_new
   0.2226   0.2214  -0.3522        0        0
   0.2214   0.9369   0.1003        0        0
  -0.3522   0.1003   0.8405        0        0
        0        0        0   1.0000        0
        0        0        0        0   1.0000
Pb_new
   0.2226   0.2214  -0.3522        0        0
   0.2214   0.9369   0.1003        0        0
  -0.3522   0.1003   0.8405        0        0
        0        0        0   1.0000        0
        0        0        0        0        0
P_t
   0.4452
   6.5548
Ga
   9.9095e+01  -3.1891e+00   5.0720e+00            0            0
  -3.1891e+00   1.4799e+02  -2.5281e+00            0            0
   5.0720e+00  -2.5281e+00   1.5043e+02            0            0
            0            0            0   1.4641e+02            0
            0            0            0            0   1.4641e+02
Gb
   9.9095e+01  -3.1891e+00   5.0720e+00            0            0
  -3.1891e+00   1.4799e+02  -2.5281e+00            0            0
   5.0720e+00  -2.5281e+00   1.5043e+02            0            0
            0            0            0   1.4641e+02            0
            0            0            0            0   1.7161e+02
Iteration: 3
Fa
  -19.4350  -14.0721   13.5099         0         0
  -14.0721  -62.4942   -2.5281         0         0
   13.5099   -2.5281  -38.8710         0         0
         0         0         0  -42.8918         0
         0         0         0         0  -42.8918
Fb
  -19.4350  -14.0721   13.5099         0         0
  -14.0721  -62.4942   -2.5281         0         0
   13.5099   -2.5281  -38.8710         0         0
         0         0         0  -42.8918         0
         0         0         0         0  -17.6895
after solving eigen equation: 3
Ca
  -0.2999  -0.3817        0        0  -0.8743
  -0.9522   0.1764        0        0   0.2496
   0.0589   0.9073        0        0  -0.4163
        0        0   1.0000        0        0
        0        0        0   1.0000        0
Cb
  -0.2999  -0.3817        0        0  -0.8743
  -0.9522   0.1764        0        0   0.2496
   0.0589   0.9073        0        0  -0.4163
        0        0   1.0000        0        0
        0        0        0   1.0000        0
 p =  4 q =  3
Pa_new
   0.2356   0.2182  -0.3640        0        0
   0.2182   0.9377   0.1039        0        0
  -0.3640   0.1039   0.8267        0        0
        0        0        0   1.0000        0
        0        0        0        0   1.0000
Pb_new
   0.2356   0.2182  -0.3640        0        0
   0.2182   0.9377   0.1039        0        0
  -0.3640   0.1039   0.8267        0        0
        0        0        0   1.0000        0
        0        0        0        0        0
P_t
   0.4712
   6.5288
Ga
   9.8995e+01  -3.1428e+00   5.2422e+00            0            0
  -3.1428e+00   1.4769e+02  -2.6188e+00            0            0
   5.2422e+00  -2.6188e+00   1.5049e+02            0            0
            0            0            0   1.4612e+02            0
            0            0            0            0   1.4612e+02
Gb
   9.8995e+01  -3.1428e+00   5.2422e+00            0            0
  -3.1428e+00   1.4769e+02  -2.6188e+00            0            0
   5.2422e+00  -2.6188e+00   1.5049e+02            0            0
            0            0            0   1.4612e+02            0
            0            0            0            0   1.7133e+02
Iteration: 4
Fa
  -19.5355  -14.0258   13.6801         0         0
  -14.0258  -62.7948   -2.6188         0         0
   13.6801   -2.6188  -38.8046         0         0
         0         0         0  -43.1728         0
         0         0         0         0  -43.1728
Fb
  -19.5355  -14.0258   13.6801         0         0
  -14.0258  -62.7948   -2.6188         0         0
   13.6801   -2.6188  -38.8046         0         0
         0         0         0  -43.1728         0
         0         0         0         0  -17.9705
after solving eigen equation: 4
Ca
  -0.2976  -0.3878        0        0  -0.8724
  -0.9531   0.1741        0        0   0.2477
   0.0558   0.9052        0        0  -0.4214
        0        0   1.0000        0        0
        0        0        0   1.0000        0
Cb
  -0.2976  -0.3878        0        0  -0.8724
  -0.9531   0.1741        0        0   0.2477
   0.0558   0.9052        0        0  -0.4214
        0        0   1.0000        0        0
        0        0        0   1.0000        0
 p =  4 q =  3
Pa_new
   0.2389   0.2161  -0.3676        0        0
   0.2161   0.9386   0.1044        0        0
  -0.3676   0.1044   0.8224        0        0
        0        0        0   1.0000        0
        0        0        0        0   1.0000
Pb_new
   0.2389   0.2161  -0.3676        0        0
   0.2161   0.9386   0.1044        0        0
  -0.3676   0.1044   0.8224        0        0
        0        0        0   1.0000        0
        0        0        0        0        0
P_t
   0.4779
   6.5221
Ga
   9.8969e+01  -3.1124e+00   5.2946e+00            0            0
  -3.1124e+00   1.4760e+02  -2.6308e+00            0            0
   5.2946e+00  -2.6308e+00   1.5053e+02            0            0
            0            0            0   1.4605e+02            0
            0            0            0            0   1.4605e+02
Gb
   9.8969e+01  -3.1124e+00   5.2946e+00            0            0
  -3.1124e+00   1.4760e+02  -2.6308e+00            0            0
   5.2946e+00  -2.6308e+00   1.5053e+02            0            0
            0            0            0   1.4605e+02            0
            0            0            0            0   1.7125e+02
Iteration: 5
Fa
  -19.5612  -13.9954   13.7325         0         0
  -13.9954  -62.8901   -2.6308         0         0
   13.7325   -2.6308  -38.7691         0         0
         0         0         0  -43.2446         0
         0         0         0         0  -43.2446
Fb
  -19.5612  -13.9954   13.7325         0         0
  -13.9954  -62.8901   -2.6308         0         0
   13.7325   -2.6308  -38.7691         0         0
         0         0         0  -43.2446         0
         0         0         0         0  -18.0423
after solving eigen equation: 5
Ca
  -0.2967  -0.3897        0        0  -0.8718
  -0.9534   0.1737        0        0   0.2468
   0.0553   0.9044        0        0  -0.4231
        0        0   1.0000        0        0
        0        0        0   1.0000        0
Cb
  -0.2967  -0.3897        0        0  -0.8718
  -0.9534   0.1737        0        0   0.2468
   0.0553   0.9044        0        0  -0.4231
        0        0   1.0000        0        0
        0        0        0   1.0000        0
 p =  4 q =  3
Pa_new
   0.2399   0.2152  -0.3689        0        0
   0.2152   0.9391   0.1044        0        0
  -0.3689   0.1044   0.8210        0        0
        0        0        0   1.0000        0
        0        0        0        0   1.0000
Pb_new
   0.2399   0.2152  -0.3689        0        0
   0.2152   0.9391   0.1044        0        0
  -0.3689   0.1044   0.8210        0        0
        0        0        0   1.0000        0
        0        0        0        0        0
P_t
   0.4798
   6.5202
Ga
   9.8962e+01  -3.0987e+00   5.3123e+00            0            0
  -3.0987e+00   1.4757e+02  -2.6313e+00            0            0
   5.3123e+00  -2.6313e+00   1.5054e+02            0            0
            0            0            0   1.4603e+02            0
            0            0            0            0   1.4603e+02
Gb
   9.8962e+01  -3.0987e+00   5.3123e+00            0            0
  -3.0987e+00   1.4757e+02  -2.6313e+00            0            0
   5.3123e+00  -2.6313e+00   1.5054e+02            0            0
            0            0            0   1.4603e+02            0
            0            0            0            0   1.7123e+02
Iteration: 6
Fa
  -19.5685  -13.9817   13.7502         0         0
  -13.9817  -62.9223   -2.6313         0         0
   13.7502   -2.6313  -38.7540         0         0
         0         0         0  -43.2651         0
         0         0         0         0  -43.2651
Fb
  -19.5685  -13.9817   13.7502         0         0
  -13.9817  -62.9223   -2.6313         0         0
   13.7502   -2.6313  -38.7540         0         0
         0         0         0  -43.2651         0
         0         0         0         0  -18.0628
after solving eigen equation: 6
Ca
  -0.2963  -0.3904        0        0  -0.8717
  -0.9535   0.1737        0        0   0.2464
   0.0552   0.9041        0        0  -0.4237
        0        0   1.0000        0        0
        0        0        0   1.0000        0
Cb
  -0.2963  -0.3904        0        0  -0.8717
  -0.9535   0.1737        0        0   0.2464
   0.0552   0.9041        0        0  -0.4237
        0        0   1.0000        0        0
        0        0        0   1.0000        0
 p =  4 q =  3
Pa_new
   0.2402   0.2148  -0.3693        0        0
   0.2148   0.9393   0.1044        0        0
  -0.3693   0.1044   0.8205        0        0
        0        0        0   1.0000        0
        0        0        0        0   1.0000
Pb_new
   0.2402   0.2148  -0.3693        0        0
   0.2148   0.9393   0.1044        0        0
  -0.3693   0.1044   0.8205        0        0
        0        0        0   1.0000        0
        0        0        0        0        0
P_t
   0.4804
   6.5196
Ga
   9.8959e+01  -3.0931e+00   5.3186e+00            0            0
  -3.0931e+00   1.4756e+02  -2.6307e+00            0            0
   5.3186e+00  -2.6307e+00   1.5055e+02            0            0
            0            0            0   1.4603e+02            0
            0            0            0            0   1.4603e+02
Gb
   9.8959e+01  -3.0931e+00   5.3186e+00            0            0
  -3.0931e+00   1.4756e+02  -2.6307e+00            0            0
   5.3186e+00  -2.6307e+00   1.5055e+02            0            0
            0            0            0   1.4603e+02            0
            0            0            0            0   1.7123e+02
Iteration: 7
Fa
  -19.5709  -13.9761   13.7565         0         0
  -13.9761  -62.9337   -2.6307         0         0
   13.7565   -2.6307  -38.7481         0         0
         0         0         0  -43.2716         0
         0         0         0         0  -43.2716
Fb
  -19.5709  -13.9761   13.7565         0         0
  -13.9761  -62.9337   -2.6307         0         0
   13.7565   -2.6307  -38.7481         0         0
         0         0         0  -43.2716         0
         0         0         0         0  -18.0693
after solving eigen equation: 7
Ca
  -0.2962  -0.3906        0        0  -0.8716
  -0.9535   0.1737        0        0   0.2462
   0.0552   0.9040        0        0  -0.4239
        0        0   1.0000        0        0
        0        0        0   1.0000        0
Cb
  -0.2962  -0.3906        0        0  -0.8716
  -0.9535   0.1737        0        0   0.2462
   0.0552   0.9040        0        0  -0.4239
        0        0   1.0000        0        0
        0        0        0   1.0000        0
 p =  4 q =  3
Pa_new
   0.2403   0.2146  -0.3695        0        0
   0.2146   0.9394   0.1044        0        0
  -0.3695   0.1044   0.8203        0        0
        0        0        0   1.0000        0
        0        0        0        0   1.0000
Pb_new
   0.2403   0.2146  -0.3695        0        0
   0.2146   0.9394   0.1044        0        0
  -0.3695   0.1044   0.8203        0        0
        0        0        0   1.0000        0
        0        0        0        0        0
P_t
   0.4806
   6.5194
Ga
   9.8959e+01  -3.0910e+00   5.3209e+00            0            0
  -3.0910e+00   1.4755e+02  -2.6304e+00            0            0
   5.3209e+00  -2.6304e+00   1.5055e+02            0            0
            0            0            0   1.4602e+02            0
            0            0            0            0   1.4602e+02
Gb
   9.8959e+01  -3.0910e+00   5.3209e+00            0            0
  -3.0910e+00   1.4755e+02  -2.6304e+00            0            0
   5.3209e+00  -2.6304e+00   1.5055e+02            0            0
            0            0            0   1.4602e+02            0
            0            0            0            0   1.7123e+02
Iteration: 8
Fa
  -19.5717  -13.9740   13.7588         0         0
  -13.9740  -62.9378   -2.6304         0         0
   13.7588   -2.6304  -38.7458         0         0
         0         0         0  -43.2739         0
         0         0         0         0  -43.2739
Fb
  -19.5717  -13.9740   13.7588         0         0
  -13.9740  -62.9378   -2.6304         0         0
   13.7588   -2.6304  -38.7458         0         0
         0         0         0  -43.2739         0
         0         0         0         0  -18.0716
after solving eigen equation: 8
Ca
  -0.2962  -0.3907        0        0  -0.8716
  -0.9535   0.1737        0        0   0.2462
   0.0552   0.9040        0        0  -0.4240
        0        0   1.0000        0        0
        0        0        0   1.0000        0
Cb
  -0.2962  -0.3907        0        0  -0.8716
  -0.9535   0.1737        0        0   0.2462
   0.0552   0.9040        0        0  -0.4240
        0        0   1.0000        0        0
        0        0        0   1.0000        0
 p =  4 q =  3
Pa_new
   0.2403   0.2146  -0.3695        0        0
   0.2146   0.9394   0.1044        0        0
  -0.3695   0.1044   0.8203        0        0
        0        0        0   1.0000        0
        0        0        0        0   1.0000
Pb_new
   0.2403   0.2146  -0.3695        0        0
   0.2146   0.9394   0.1044        0        0
  -0.3695   0.1044   0.8203        0        0
        0        0        0   1.0000        0
        0        0        0        0        0
P_t
   0.4807
   6.5193
Ga
   9.8958e+01  -3.0901e+00   5.3218e+00            0            0
  -3.0901e+00   1.4755e+02  -2.6303e+00            0            0
   5.3218e+00  -2.6303e+00   1.5055e+02            0            0
            0            0            0   1.4602e+02            0
            0            0            0            0   1.4602e+02
Gb
   9.8958e+01  -3.0901e+00   5.3218e+00            0            0
  -3.0901e+00   1.4755e+02  -2.6303e+00            0            0
   5.3218e+00  -2.6303e+00   1.5055e+02            0            0
            0            0            0   1.4602e+02            0
            0            0            0            0   1.7122e+02
Iteration: 9
Fa
  -19.5720  -13.9732   13.7597         0         0
  -13.9732  -62.9394   -2.6303         0         0
   13.7597   -2.6303  -38.7449         0         0
         0         0         0  -43.2747         0
         0         0         0         0  -43.2747
Fb
  -19.5720  -13.9732   13.7597         0         0
  -13.9732  -62.9394   -2.6303         0         0
   13.7597   -2.6303  -38.7449         0         0
         0         0         0  -43.2747         0
         0         0         0         0  -18.0724
after solving eigen equation: 9
Ca
  -0.2962  -0.3907        0        0  -0.8716
  -0.9535   0.1737        0        0   0.2462
   0.0552   0.9040        0        0  -0.4240
        0        0   1.0000        0        0
        0        0        0   1.0000        0
Cb
  -0.2962  -0.3907        0        0  -0.8716
  -0.9535   0.1737        0        0   0.2462
   0.0552   0.9040        0        0  -0.4240
        0        0   1.0000        0        0
        0        0        0   1.0000        0
 p =  4 q =  3
Pa_new
   0.2404   0.2145  -0.3695        0        0
   0.2145   0.9394   0.1044        0        0
  -0.3695   0.1044   0.8202        0        0
        0        0        0   1.0000        0
        0        0        0        0   1.0000
Pb_new
   0.2404   0.2145  -0.3695        0        0
   0.2145   0.9394   0.1044        0        0
  -0.3695   0.1044   0.8202        0        0
        0        0        0   1.0000        0
        0        0        0        0        0
P_t
   0.4807
   6.5193
Ga
   9.8958e+01  -3.0898e+00   5.3221e+00            0            0
  -3.0898e+00   1.4755e+02  -2.6302e+00            0            0
   5.3221e+00  -2.6302e+00   1.5055e+02            0            0
            0            0            0   1.4602e+02            0
            0            0            0            0   1.4602e+02
Gb
   9.8958e+01  -3.0898e+00   5.3221e+00            0            0
  -3.0898e+00   1.4755e+02  -2.6302e+00            0            0
   5.3221e+00  -2.6302e+00   1.5055e+02            0            0
            0            0            0   1.4602e+02            0
            0            0            0            0   1.7122e+02
Iteration: 10
Fa
  -19.5721  -13.9729   13.7600         0         0
  -13.9729  -62.9400   -2.6302         0         0
   13.7600   -2.6302  -38.7446         0         0
         0         0         0  -43.2750         0
         0         0         0         0  -43.2750
Fb
  -19.5721  -13.9729   13.7600         0         0
  -13.9729  -62.9400   -2.6302         0         0
   13.7600   -2.6302  -38.7446         0         0
         0         0         0  -43.2750         0
         0         0         0         0  -18.0727
after solving eigen equation: 10
Ca
  -0.2961  -0.3907        0        0  -0.8716
  -0.9535   0.1737        0        0   0.2461
   0.0552   0.9040        0        0  -0.4240
        0        0   1.0000        0        0
        0        0        0   1.0000        0
Cb
  -0.2961  -0.3907        0        0  -0.8716
  -0.9535   0.1737        0        0   0.2461
   0.0552   0.9040        0        0  -0.4240
        0        0   1.0000        0        0
        0        0        0   1.0000        0
 p =  4 q =  3
Ea
  -67.1273
  -45.1971
  -43.2750
  -43.2750
   -8.9322
Eb
  -67.1273
  -45.1971
  -43.2750
  -18.0727
   -8.9322
Ca
  -0.2961  -0.3907        0        0  -0.8716
  -0.9535   0.1737        0        0   0.2461
   0.0552   0.9040        0        0  -0.4240
        0        0   1.0000        0        0
        0        0        0   1.0000        0
Cb
  -0.2961  -0.3907        0        0  -0.8716
  -0.9535   0.1737        0        0   0.2461
   0.0552   0.9040        0        0  -0.4240
        0        0   1.0000        0        0
        0        0        0   1.0000        0
Nuclear Repulsion Energy is 110.744 eV.
Electron Energy is -853.581 eV.
The molecule in file HF+.txt has energy -742.837312
