OV_mat
   1.0000e+00   4.8501e-01  -4.6382e-01            0            0   7.2952e-02  -9.7547e-02            0            0   7.3985e-03
   4.8501e-01   1.0000e+00            0            0            0   4.6629e-01  -4.5219e-01            0            0   7.2952e-02
  -4.6382e-01            0   1.0000e+00            0            0   4.5219e-01  -3.1207e-01            0            0   9.7547e-02
            0            0            0   1.0000e+00            0            0            0   2.9737e-01            0            0
            0            0            0            0   1.0000e+00            0            0            0   2.9737e-01            0
   7.2952e-02   4.6629e-01   4.5219e-01            0            0   1.0000e+00  -6.7317e-16            0            0   4.8501e-01
  -9.7547e-02  -4.5219e-01  -3.1207e-01            0            0  -6.7317e-16   1.0000e+00            0            0   4.6382e-01
            0            0            0   2.9737e-01            0            0            0   1.0000e+00            0            0
            0            0            0            0   2.9737e-01            0            0            0   1.0000e+00            0
   7.3985e-03   7.2952e-02   9.7547e-02            0            0   4.8501e-01   4.6382e-01            0            0   1.0000e+00
H_mat
  -1.3600e+01  -1.4854e+01   1.0146e+01            0            0  -2.2342e+00   2.1338e+00            0            0  -1.7609e-01
  -1.4854e+01  -2.1400e+01            0            0            0  -1.7462e+01   1.2978e+01            0            0  -2.2342e+00
   1.0146e+01            0  -1.1400e+01            0            0  -1.2978e+01   6.2258e+00            0            0  -2.1338e+00
            0            0            0  -1.1400e+01            0            0            0  -5.9325e+00            0            0
            0            0            0            0  -1.1400e+01            0            0            0  -5.9325e+00            0
  -2.2342e+00  -1.7462e+01  -1.2978e+01            0            0  -2.1400e+01   1.9320e-14            0            0  -1.4854e+01
   2.1338e+00   1.2978e+01   6.2258e+00            0            0   1.9320e-14  -1.1400e+01            0            0  -1.0146e+01
            0            0            0  -5.9325e+00            0            0            0  -1.1400e+01            0            0
            0            0            0            0  -5.9325e+00            0            0            0  -1.1400e+01            0
  -1.7609e-01  -2.2342e+00  -2.1338e+00            0            0  -1.4854e+01  -1.0146e+01            0            0  -1.3600e+01
X_mat
  -2.6471e-01   8.6647e-01   8.6168e-01   1.5415e-16   7.9676e-17  -1.9037e-17  -3.1983e-16   3.6118e-01  -3.6987e-01   1.7698e-01
  -1.2667e+00  -6.6484e-01  -6.9426e-01  -4.0562e-16   5.6291e-16   4.0816e-16  -2.4368e-16   6.5648e-02  -2.4340e-01   4.2893e-01
  -1.3294e+00   6.2093e-01   4.8996e-01  -1.5107e-16   1.6556e-17   7.3104e-17   4.6299e-16  -4.3371e-01   3.0558e-01   2.1230e-01
  -2.6473e-16  -8.8345e-17  -1.2734e-16   8.4328e-01  -2.2100e-02   5.2429e-01   3.3243e-01   1.5931e-16  -2.1184e-17  -3.9563e-17
  -2.0333e-16  -3.6631e-16   1.7088e-16  -2.2100e-02  -8.4328e-01   3.3243e-01  -5.2429e-01  -2.0878e-16   2.0949e-16   5.0690e-18
   1.2667e+00  -6.6484e-01   6.9426e-01   2.4006e-16  -1.3245e-16  -4.8736e-17   9.7472e-17   6.5648e-02   2.4340e-01   4.2893e-01
  -1.3294e+00  -6.2093e-01   4.8996e-01  -1.6763e-16   3.3112e-16            0  -1.9494e-16   4.3371e-01   3.0558e-01  -2.1230e-01
   5.8257e-16   1.9725e-16   1.3063e-16  -8.4328e-01   2.2100e-02   5.2429e-01   3.3243e-01   2.6764e-16  -6.3351e-17  -8.0117e-17
   7.2822e-16   4.9313e-16  -9.5005e-17   2.2100e-02   8.4328e-01   3.3243e-01  -5.2429e-01  -2.6764e-16   5.0681e-16  -4.0058e-17
   2.6471e-01   8.6647e-01  -8.6168e-01   1.3786e-17  -3.2804e-16  -1.6508e-16   7.8525e-17   3.6118e-01   3.6987e-01   1.7698e-01
C_mat
  -9.1509e-02   3.3303e-01  -3.7688e-01   7.0785e-17   3.1097e-16   4.4067e-17   3.1036e-17   9.0554e-01  -8.7300e-01   1.3580e-01
  -5.3539e-01   3.7953e-01   3.9308e-02   7.0585e-17   2.4367e-16  -7.8262e-17  -1.7652e-16  -5.2740e-01   5.8491e-01   1.3129e+00
  -3.5750e-02  -2.3725e-01   4.2622e-01   3.2885e-16  -3.2659e-19  -1.7854e-17   7.0848e-17   6.2436e-01  -6.6014e-01   1.2863e+00
  -1.2586e-16  -9.0503e-17   4.2083e-16  -5.3847e-01   3.0893e-01  -8.3719e-01  -1.0357e-01   2.7145e-17   2.2377e-17   1.2414e-16
   3.9795e-18  -9.3842e-17  -5.8577e-17  -3.0893e-01  -5.3847e-01   1.0357e-01  -8.3719e-01   6.2579e-17   1.5453e-16   1.2507e-16
  -5.3539e-01  -3.7953e-01   3.9308e-02   1.5604e-16  -3.3332e-16   4.0345e-17  -8.1140e-18   5.2740e-01   5.8491e-01  -1.3129e+00
   3.5750e-02  -2.3725e-01  -4.2622e-01   3.1071e-17   4.0768e-16  -3.3955e-17  -1.7106e-16   6.2436e-01   6.6014e-01   1.2863e+00
  -2.1677e-16   1.8718e-16   4.2916e-16  -5.3847e-01   3.0893e-01   8.3719e-01   1.0357e-01  -7.6113e-18  -6.1686e-17  -3.5285e-16
  -1.7865e-16   4.5631e-16  -3.3177e-16  -3.0893e-01  -5.3847e-01  -1.0357e-01   8.3719e-01  -3.1274e-17  -1.3897e-16  -3.8089e-16
  -9.1509e-02  -3.3303e-01  -3.7688e-01  -3.7506e-16   1.4696e-16  -3.1937e-19   1.3420e-16  -9.0554e-01  -8.7300e-01  -1.3580e-01
The molecule in file C2H2.txt has energy -177.169636
